<Application>
Name=VersaStudio
Version=2.7.1.0
LoggedIn=Security Disabled
Language [VersaStudio]=English (United States) [en-US]
Language [Region and Language]=English (United States) [en-US]
Language [Windows Operating System]=English (United Kingdom) [en-GB]
</Application>

<Action0>
Limits2,Value=0
Limits2,Direction=<
Limits2,Limits=None
Limits1,Value=0
Limits1,Direction=<
Limits1,Limits=None
RotationRateConversionFactor=0.00025
Measured Open Circuit=176.727 mV
E2 Cell to Use=Internal
Remeasure OC Per Action (External Cell)=No
Mass (g)=0
Equivalent Weight (g)=0
Density (g/ml)=0
Working Electrode Area (cm2)=1
RDE Speed (Volts)=0
Working Electrode Type=Unspecified
Reference Electrode=(unspecified) (0 Volts)
Segments=0
Name=Common
Comment=Enter comments about the experiment here.
</Action0>

<Instrument>
Type=PMC-200
Model=
SN=23034015-CH2
Options=FRA, Floating <Mode:Floating, NotchFilter:None>, EIS <Filter:None>
Firmware=2.7.1.0,2.70.0.0,N/A.N/A
BoosterDetails=None
</Instrument>

<Experiment>
TimeAcquired=6:35:44 PM
DateAcquired=Thursday, August 06, 2026
DataFormat=Binary
GeneralOptions=Cathodic Beta Constant = 100, Anodic Beta Constant = 100, Corrosion Rate Units = mpy, Disable Data Point Information Box = False, Enable Periodic Data Storage = True, Restore Last Experiment = False, Cell to Internal at Experiment End = False, Lock Experiment Properties to Data = False, Automatically Save Data File = True, Display Advanced Experiment Properties = True, Auto Smoothing for Tafel Fit = True, Save Data to Binary File = True
InstrumentOptions=Isolation Mode = Floating, Notch Filter = None, E2 Notch Filter = None, EIS Filters = None, PEIS Equalization = False, Booster Name = None, USB Compatibility Mode = False
SelectionEnd=0
SelectionStart=0
Height=661
Width=712
LocY=0
LocX=0
Show=True
</Experiment>

<DataView>
ShowDCLabels=False
ShowACLabels=False
ShowDataFilter=False
DataReduction=1
ShowEvery=100
Decimate=False
AutomaticDecimation=False
ViewSegments=All Segments
Height=328
Width=728
LocY=0
LocX=0
Show=True
</DataView>

<StripView>
Height=240
Width=344
LocY=0
LocX=0
Show=False
</StripView>

<Overlays>
Height=438
Width=294
LocY=0
LocX=0
Show=False
</Overlays>

<DataAdditionalInfo>
</DataAdditionalInfo>

<Action1>
Limits2,Value=0
Limits2,Direction=<
Limits2,Limits=None
Limits1,Value=0
Limits1,Direction=<
Limits1,Limits=None
Use Previous=No
User Defined (ohms)=0
Cell to Use=External
Leave Cell ON=No
iR Compensation=Disabled
LCI Bandwidth Limit=Auto
Bandwidth Limit=Full
I Filter=None
E2 Filter=None
E Filter=None
Electrometer Mode=Differential
VoltageRange=+/-6V
Current Range=Auto
Total Points=1000
Scan Rate (V/s)=0.01
Final Potential (V),Versus=vs Ref
Final Potential (V),Value=0.8
Initial Potential (V),Versus=vs Ref
Initial Potential (V),Value=-0.75
ParentNode=Common
Name=Linear Scan Voltammetry
</Action1>

<Segment1>
Type=30
Version=3
Definition=Segment #, Point #, E(V), I(A), Elapsed Time(s), ADC Sync Input(V), Current Range, Status, E Applied(V), Frequency(Hz), E Real, E Imag, I Real, I Imag, Z Real, Z Imag, E2 Status, E2(V), E2 Real, E2 Imag, Z2 Real, Z2 Imag, ActionId, AC Amplitude, 0
0,0,-0.7480316,-0.001219389,0.155,0,5,144834565,-0.748031,0,0,0,0,0,0,0,5,0,0,0,0,0,33,0
0,1,-0.7464218,-0.001349326,0.31,0,5,144834565,-0.7464212,0,0,0,0,0,0,0,5,0,0,0,0,0,33,0
0,2,-0.7448897,-0.001423253,0.465,0,5,144834565,-0.744889,0,0,0,0,0,0,0,5,0,0,0,0,0,33,0
0,3,-0.7433963,-0.001463928,0.62,0,5,144834565,-0.7433956,0,0,0,0,0,0,0,5,0,0,0,0,0,33,0
0,4,-0.7416313,-0.001485919,0.775,0,5,144834565,-0.7416307,0,0,0,0,0,0,0,5,0,0,0,0,0,33,0
0,5,-0.7403319,-0.001497721,0.93,0,5,144834565,-0.7403313,0,0,0,0,0,0,0,5,0,0,0,0,0,33,0
0,6,-0.7384894,-0.001503144,1.085,0,5,144834565,-0.7384888,0,0,0,0,0,0,0,5,0,0,0,0,0,33,0
0,7,-0.7371511,-0.001504015,1.24,0,5,144834565,-0.7371505,0,0,0,0,0,0,0,5,0,0,0,0,0,33,0
0,8,-0.7358517,-0.001500444,1.395,0,5,144834565,-0.7358511,0,0,0,0,0,0,0,5,0,0,0,0,0,33,0
0,9,-0.734145,-0.001496025,1.55,0,5,144834565,-0.7341444,0,0,0,0,0,0,0,5,0,0,0,0,0,33,0
0,10,-0.732574,-0.001490178,1.705,0,5,144834565,-0.7325734,0,0,0,0,0,0,0,5,0,0,0,0,0,33,0
0,11,-0.7309254,-0.001482519,1.86,0,5,144834565,-0.7309248,0,0,0,0,0,0,0,5,0,0,0,0,0,33,0
0,12,-0.729432,-0.001474252,2.015,0,5,144834565,-0.7294315,0,0,0,0,0,0,0,5,0,0,0,0,0,33,0
0,13,-0.7278805,-0.001466717,2.17,0,5,144834565,-0.7278799,0,0,0,0,0,0,0,5,0,0,0,0,0,33,0
0,14,-0.726135,-0.001458832,2.325,0,5,144834565,-0.7261344,0,0,0,0,0,0,0,5,0,0,0,0,0,33,0
0,15,-0.7248161,-0.001449807,2.48,0,5,144834565,-0.7248155,0,0,0,0,0,0,0,5,0,0,0,0,0,33,0
0,16,-0.7231675,-0.001440261,2.635,0,5,144834565,-0.723167,0,0,0,0,0,0,0,5,0,0,0,0,0,33,0
0,17,-0.7219069,-0.001432558,2.79,0,5,144834565,-0.7219063,0,0,0,0,0,0,0,5,0,0,0,0,0,33,0
0,18,-0.720142,-0.001423207,2.945,0,5,144834565,-0.7201414,0,0,0,0,0,0,0,5,0,0,0,0,0,33,0
0,19,-0.7185516,-0.001413485,3.1,0,5,144834565,-0.718551,0,0,0,0,0,0,0,5,0,0,0,0,0,33,0
0,20,-0.7169225,-0.001406608,3.255,0,5,144834565,-0.7169219,0,0,0,0,0,0,0,5,0,0,0,0,0,33,0
0,21,-0.7156812,-0.001396824,3.41,0,5,144834565,-0.7156806,0,0,0,0,0,0,0,5,0,0,0,0,0,33,0
0,22,-0.7139357,-0.001387997,3.565,0,5,144834565,-0.7139351,0,0,0,0,0,0,0,5,0,0,0,0,0,33,0
0,23,-0.7124811,-0.001379875,3.72,0,5,144834565,-0.7124805,0,0,0,0,0,0,0,5,0,0,0,0,0,33,0
0,24,-0.7110265,-0.001371138,3.875,0,5,144834565,-0.7110259,0,0,0,0,0,0,0,5,0,0,0,0,0,33,0
0,25,-0.7094361,-0.001362331,4.03,0,5,144834565,-0.7094355,0,0,0,0,0,0,0,5,0,0,0,0,0,33,0
0,26,-0.7079233,-0.001354628,4.185,0,5,144834565,-0.7079228,0,0,0,0,0,0,0,5,0,0,0,0,0,33,0
0,27,-0.7057705,-0.001347097,4.34,0,5,144834565,-0.70577,0,0,0,0,0,0,0,5,0,0,0,0,0,33,0
0,28,-0.7042577,-0.00133808,4.495,0,5,144834565,-0.7042571,0,0,0,0,0,0,0,5,0,0,0,0,0,33,0
0,29,-0.7029195,-0.001329238,4.65,0,5,144834565,-0.7029189,0,0,0,0,0,0,0,5,0,0,0,0,0,33,0
0,30,-0.7015231,-0.001321154,4.805,0,5,144834565,-0.7015225,0,0,0,0,0,0,0,5,0,0,0,0,0,33,0
0,31,-0.7001848,-0.001314389,4.96,0,5,144834565,-0.7001843,0,0,0,0,0,0,0,5,0,0,0,0,0,33,0
0,32,-0.6984587,-0.001305796,5.115,0,5,144834565,-0.6984581,0,0,0,0,0,0,0,5,0,0,0,0,0,33,0
0,33,-0.6967908,-0.001298736,5.27,0,5,144834565,-0.6967902,0,0,0,0,0,0,0,5,0,0,0,0,0,33,0
0,34,-0.695181,-0.001292025,5.425,0,5,144834565,-0.6951804,0,0,0,0,0,0,0,5,0,0,0,0,0,33,0
0,35,-0.6939785,-0.001284292,5.58,0,5,144834565,-0.693978,0,0,0,0,0,0,0,5,0,0,0,0,0,33,0
0,36,-0.6924075,-0.001275391,5.735,0,5,144834565,-0.692407,0,0,0,0,0,0,0,5,0,0,0,0,0,33,0
0,37,-0.690565,-0.001268685,5.89,0,5,144834565,-0.6905645,0,0,0,0,0,0,0,5,0,0,0,0,0,33,0
0,38,-0.6889359,-0.001260901,6.045,0,5,144834565,-0.6889353,0,0,0,0,0,0,0,5,0,0,0,0,0,33,0
0,39,-0.6875976,-0.001254649,6.2,0,5,144834565,-0.6875971,0,0,0,0,0,0,0,5,0,0,0,0,0,33,0
0,40,-0.6858909,-0.001245939,6.355,0,5,144834565,-0.6858904,0,0,0,0,0,0,0,5,0,0,0,0,0,33,0
0,41,-0.6841066,-0.001238599,6.51,0,5,144834565,-0.6841061,0,0,0,0,0,0,0,5,0,0,0,0,0,33,0
0,42,-0.6828071,-0.001231818,6.665,0,5,144834565,-0.6828066,0,0,0,0,0,0,0,5,0,0,0,0,0,33,0
0,43,-0.6812168,-0.001224941,6.82,0,5,144834565,-0.6812162,0,0,0,0,0,0,0,5,0,0,0,0,0,33,0
0,44,-0.6795877,-0.001217374,6.975,0,5,144834565,-0.6795871,0,0,0,0,0,0,0,5,0,0,0,0,0,33,0
0,45,-0.6780943,-0.001210217,7.13,0,5,144834565,-0.6780937,0,0,0,0,0,0,0,5,0,0,0,0,0,33,0
0,46,-0.6766979,-0.001204502,7.285,0,5,144834565,-0.6766973,0,0,0,0,0,0,0,5,0,0,0,0,0,33,0
0,47,-0.675185,-0.001196687,7.44,0,5,144834565,-0.6751845,0,0,0,0,0,0,0,5,0,0,0,0,0,33,0
0,48,-0.6734977,-0.001189413,7.595,0,5,144834565,-0.6734971,0,0,0,0,0,0,0,5,0,0,0,0,0,33,0
0,49,-0.6719461,-0.001183737,7.75,0,5,144834565,-0.6719456,0,0,0,0,0,0,0,5,0,0,0,0,0,33,0
0,50,-0.6702006,-0.00117549,7.905,0,5,144834565,-0.6702,0,0,0,0,0,0,0,5,0,0,0,0,0,33,0
0,51,-0.6689981,-0.00116941,8.06,0,5,144834565,-0.6689976,0,0,0,0,0,0,0,5,0,0,0,0,0,33,0
0,52,-0.6671944,-0.001163228,8.215,0,5,144834565,-0.6671939,0,0,0,0,0,0,0,5,0,0,0,0,0,33,0
0,53,-0.6657592,-0.001158175,8.37,0,5,144834565,-0.6657587,0,0,0,0,0,0,0,5,0,0,0,0,0,33,0
0,54,-0.6642658,-0.001151714,8.525,0,5,144834565,-0.6642653,0,0,0,0,0,0,0,5,0,0,0,0,0,33,0
0,55,-0.6630245,-0.001144731,8.68,0,5,144834565,-0.663024,0,0,0,0,0,0,0,5,0,0,0,0,0,33,0
0,56,-0.6613178,-0.001138219,8.835,0,5,144834565,-0.6613173,0,0,0,0,0,0,0,5,0,0,0,0,0,33,0
0,57,-0.6596887,-0.001132392,8.99,0,5,144834565,-0.6596881,0,0,0,0,0,0,0,5,0,0,0,0,0,33,0
0,58,-0.6580401,-0.001125428,9.145,0,5,144834565,-0.6580396,0,0,0,0,0,0,0,5,0,0,0,0,0,33,0
0,59,-0.6564885,-0.001119434,9.3,0,5,144834565,-0.656488,0,0,0,0,0,0,0,5,0,0,0,0,0,33,0
0,60,-0.6548788,-0.001113311,9.455,0,5,144834565,-0.6548783,0,0,0,0,0,0,0,5,0,0,0,0,0,33,0
0,61,-0.6536375,-0.001106033,9.61,0,5,144834565,-0.653637,0,0,0,0,0,0,0,5,0,0,0,0,0,33,0
0,62,-0.6520084,-0.001100761,9.765,0,5,144834565,-0.6520078,0,0,0,0,0,0,0,5,0,0,0,0,0,33,0
0,63,-0.6501077,-0.001095284,9.92,0,5,144834565,-0.6501071,0,0,0,0,0,0,0,5,0,0,0,0,0,33,0
0,64,-0.6489052,-0.001087741,10.075,0,5,144834565,-0.6489047,0,0,0,0,0,0,0,5,0,0,0,0,0,33,0
0,65,-0.6472372,-0.001082832,10.23,0,5,144834565,-0.6472368,0,0,0,0,0,0,0,5,0,0,0,0,0,33,0
0,66,-0.6455693,-0.001075608,10.385,0,5,144834565,-0.6455688,0,0,0,0,0,0,0,5,0,0,0,0,0,33,0
0,67,-0.6439595,-0.001069901,10.54,0,5,144834565,-0.643959,0,0,0,0,0,0,0,5,0,0,0,0,0,33,0
0,68,-0.6425825,-0.001062716,10.695,0,5,144834565,-0.642582,0,0,0,0,0,0,0,5,0,0,0,0,0,33,0
0,69,-0.6410891,-0.001056566,10.85,0,5,144834565,-0.6410886,0,0,0,0,0,0,0,5,0,0,0,0,0,33,0
0,70,-0.6397703,-0.00105217,11.005,0,5,144834565,-0.6397698,0,0,0,0,0,0,0,5,0,0,0,0,0,33,0
0,71,-0.6379666,-0.001046748,11.16,0,5,144834565,-0.6379661,0,0,0,0,0,0,0,5,0,0,0,0,0,33,0
0,72,-0.636512,-0.001040909,11.315,0,5,144834565,-0.6365114,0,0,0,0,0,0,0,5,0,0,0,0,0,33,0
0,73,-0.6346695,-0.001033393,11.47,0,5,144834565,-0.6346689,0,0,0,0,0,0,0,5,0,0,0,0,0,33,0
0,74,-0.6335446,-0.001028818,11.625,0,5,144834565,-0.6335441,0,0,0,0,0,0,0,5,0,0,0,0,0,33,0
0,75,-0.6317603,-0.001023769,11.78,0,5,144834565,-0.6317598,0,0,0,0,0,0,0,5,0,0,0,0,0,33,0
0,76,-0.6301699,-0.001016133,11.935,0,5,144834565,-0.6301694,0,0,0,0,0,0,0,5,0,0,0,0,0,33,0
0,77,-0.628948,-0.00101143,12.09,0,5,144834565,-0.6289476,0,0,0,0,0,0,0,5,0,0,0,0,0,33,0
0,78,-0.626834,-0.001005276,12.245,0,5,144834565,-0.6268335,0,0,0,0,0,0,0,5,0,0,0,0,0,33,0
0,79,-0.6257479,-0.0009998644,12.4,0,5,144834565,-0.6257474,0,0,0,0,0,0,0,5,0,0,0,0,0,33,0
0,80,-0.6238472,-0.0009934924,12.555,0,5,144834565,-0.6238467,0,0,0,0,0,0,0,5,0,0,0,0,0,33,0
0,81,-0.622315,-0.000988338,12.71,0,5,144834565,-0.6223146,0,0,0,0,0,0,0,5,0,0,0,0,0,33,0
0,82,-0.6209768,-0.0009830242,12.865,0,5,144834565,-0.6209763,0,0,0,0,0,0,0,5,0,0,0,0,0,33,0
0,83,-0.6191537,-0.000976411,13.02,0,5,144834565,-0.6191532,0,0,0,0,0,0,0,5,0,0,0,0,0,33,0
0,84,-0.6178542,-0.0009710817,13.175,0,5,144834565,-0.6178538,0,0,0,0,0,0,0,5,0,0,0,0,0,33,0
0,85,-0.6164384,-0.0009658534,13.33,0,5,144834565,-0.616438,0,0,0,0,0,0,0,5,0,0,0,0,0,33,0
0,86,-0.6147899,-0.0009610414,13.485,0,5,144834565,-0.6147894,0,0,0,0,0,0,0,5,0,0,0,0,0,33,0
0,87,-0.6133935,-0.0009548989,13.64,0,5,144834565,-0.613393,0,0,0,0,0,0,0,5,0,0,0,0,0,33,0
0,88,-0.6112794,-0.0009488304,13.795,0,5,144834565,-0.611279,0,0,0,0,0,0,0,5,0,0,0,0,0,33,0
0,89,-0.6099218,-0.0009441273,13.95,0,5,144834565,-0.6099213,0,0,0,0,0,0,0,5,0,0,0,0,0,33,0
0,90,-0.608603,-0.0009402139,14.105,0,5,144834565,-0.6086025,0,0,0,0,0,0,0,5,0,0,0,0,0,33,0
0,91,-0.6068187,-0.0009340325,14.26,0,5,144834565,-0.6068182,0,0,0,0,0,0,0,5,0,0,0,0,0,33,0
0,92,-0.6055192,-0.0009270926,14.415,0,5,144834565,-0.6055188,0,0,0,0,0,0,0,5,0,0,0,0,0,33,0
0,93,-0.6041228,-0.000922903,14.57,0,5,144834565,-0.6041223,0,0,0,0,0,0,0,5,0,0,0,0,0,33,0
0,94,-0.6020476,-0.0009169278,14.725,0,5,144834565,-0.6020471,0,0,0,0,0,0,0,5,0,0,0,0,0,33,0
0,95,-0.6005542,-0.0009111394,14.88,0,5,144834565,-0.6005537,0,0,0,0,0,0,0,5,0,0,0,0,0,33,0
0,96,-0.5992741,-0.0009054365,15.035,0,5,144834565,-0.5992736,0,0,0,0,0,0,0,5,0,0,0,0,0,33,0
0,97,-0.5973541,-0.0009009357,15.19,0,5,144834565,-0.5973536,0,0,0,0,0,0,0,5,0,0,0,0,0,33,0
0,98,-0.59588,-0.0008957658,15.345,0,5,144834565,-0.5958796,0,0,0,0,0,0,0,5,0,0,0,0,0,33,0
0,99,-0.5942703,-0.0008905803,15.5,0,5,144834565,-0.5942698,0,0,0,0,0,0,0,5,0,0,0,0,0,33,0
0,100,-0.5932618,-0.0008866357,15.655,0,5,144834565,-0.5932613,0,0,0,0,0,0,0,5,0,0,0,0,0,33,0
0,101,-0.5914387,-0.0008810301,15.81,0,5,144834565,-0.5914382,0,0,0,0,0,0,0,5,0,0,0,0,0,33,0
0,102,-0.5899259,-0.0008752845,15.965,0,5,144834565,-0.5899254,0,0,0,0,0,0,0,5,0,0,0,0,0,33,0
0,103,-0.5881028,-0.0008713088,16.12,0,5,144834565,-0.5881023,0,0,0,0,0,0,0,5,0,0,0,0,0,33,0
0,104,-0.5871136,-0.0008668936,16.275,0,5,144834565,-0.5871132,0,0,0,0,0,0,0,5,0,0,0,0,0,33,0
0,105,-0.5853293,-0.0008605761,16.43,0,5,144834565,-0.5853289,0,0,0,0,0,0,0,5,0,0,0,0,0,33,0
0,106,-0.5834481,-0.0008542275,16.585,0,5,144834565,-0.5834476,0,0,0,0,0,0,0,5,0,0,0,0,0,33,0
0,107,-0.5823231,-0.0008495788,16.74,0,5,144834565,-0.5823227,0,0,0,0,0,0,0,5,0,0,0,0,0,33,0
0,108,-0.5804613,-0.0008440938,16.895,0,5,144834565,-0.5804608,0,0,0,0,0,0,0,5,0,0,0,0,0,33,0
0,109,-0.5787933,-0.0008389433,17.05,0,5,144834565,-0.5787929,0,0,0,0,0,0,0,5,0,0,0,0,0,33,0
0,110,-0.5774938,-0.000834777,17.205,0,5,144834565,-0.5774934,0,0,0,0,0,0,0,5,0,0,0,0,0,33,0
0,111,-0.5758453,-0.000829646,17.36,0,5,144834565,-0.5758448,0,0,0,0,0,0,0,5,0,0,0,0,0,33,0
0,112,-0.5743907,-0.0008242622,17.515,0,5,144834565,-0.5743902,0,0,0,0,0,0,0,5,0,0,0,0,0,33,0
0,113,-0.5727227,-0.0008188472,17.67,0,5,144834565,-0.5727223,0,0,0,0,0,0,0,5,0,0,0,0,0,33,0
0,114,-0.5714039,-0.0008148987,17.825,0,5,144834565,-0.5714034,0,0,0,0,0,0,0,5,0,0,0,0,0,33,0
0,115,-0.569639,-0.0008095382,17.98,0,5,144834565,-0.5696386,0,0,0,0,0,0,0,5,0,0,0,0,0,33,0
0,116,-0.5679904,-0.0008049712,18.135,0,5,144834565,-0.56799,0,0,0,0,0,0,0,5,0,0,0,0,0,33,0
0,117,-0.5666328,-0.0008000814,18.29,0,5,144834565,-0.5666324,0,0,0,0,0,0,0,5,0,0,0,0,0,33,0
0,118,-0.5651394,-0.0007964013,18.445,0,5,144834565,-0.565139,0,0,0,0,0,0,0,5,0,0,0,0,0,33,0
0,119,-0.5634715,-0.0007907102,18.6,0,5,144834565,-0.563471,0,0,0,0,0,0,0,5,0,0,0,0,0,33,0
0,120,-0.5620168,-0.0007856725,18.755,0,5,144834565,-0.5620164,0,0,0,0,0,0,0,5,0,0,0,0,0,33,0
0,121,-0.5604459,-0.0007813079,18.91,0,5,144834565,-0.5604455,0,0,0,0,0,0,0,5,0,0,0,0,0,33,0
0,122,-0.5588749,-0.0007760796,19.065,0,5,144834565,-0.5588745,0,0,0,0,0,0,0,5,0,0,0,0,0,33,0
0,123,-0.5576336,-0.0007728197,19.22,0,5,144834565,-0.5576332,0,0,0,0,0,0,0,5,0,0,0,0,0,33,0
0,124,-0.5556554,-0.0007671207,19.375,0,5,144834565,-0.5556549,0,0,0,0,0,0,0,5,0,0,0,0,0,33,0
0,125,-0.554259,-0.0007631295,19.53,0,5,144834565,-0.5542585,0,0,0,0,0,0,0,5,0,0,0,0,0,33,0
0,126,-0.5526686,-0.0007580763,19.685,0,5,144834565,-0.5526682,0,0,0,0,0,0,0,5,0,0,0,0,0,33,0
0,127,-0.5508649,-0.000752743,19.84,0,5,144834565,-0.5508645,0,0,0,0,0,0,0,5,0,0,0,0,0,33,0
0,128,-0.5494103,-0.000748814,19.995,0,5,144834565,-0.5494099,0,0,0,0,0,0,0,5,0,0,0,0,0,33,0
0,129,-0.5476842,-0.0007432239,20.15,0,5,144834565,-0.5476838,0,0,0,0,0,0,0,5,0,0,0,0,0,33,0
0,130,-0.5465981,-0.0007387815,20.305,0,5,144834565,-0.5465977,0,0,0,0,0,0,0,5,0,0,0,0,0,33,0
0,131,-0.5450271,-0.0007349186,20.46,0,5,144834565,-0.5450267,0,0,0,0,0,0,0,5,0,0,0,0,0,33,0
0,132,-0.5430294,-0.0007293285,20.615,0,5,144834565,-0.543029,0,0,0,0,0,0,0,5,0,0,0,0,0,33,0
0,133,-0.5416912,-0.0007236879,20.77,0,5,144834565,-0.5416908,0,0,0,0,0,0,0,5,0,0,0,0,0,33,0
0,134,-0.5403724,-0.0007197006,20.925,0,5,144834565,-0.540372,0,0,0,0,0,0,0,5,0,0,0,0,0,33,0
0,135,-0.538782,-0.0007162656,21.08,0,5,144834565,-0.5387816,0,0,0,0,0,0,0,5,0,0,0,0,0,33,0
0,136,-0.5372304,-0.0007117376,21.235,0,5,144834565,-0.53723,0,0,0,0,0,0,0,5,0,0,0,0,0,33,0
0,137,-0.5355237,-0.0007066961,21.39,0,5,144834565,-0.5355233,0,0,0,0,0,0,0,5,0,0,0,0,0,33,0
0,138,-0.5342243,-0.0007030938,21.545,0,5,144834565,-0.5342239,0,0,0,0,0,0,0,5,0,0,0,0,0,33,0
0,139,-0.5324399,-0.0006987875,21.7,0,5,144834565,-0.5324395,0,0,0,0,0,0,0,5,0,0,0,0,0,33,0
0,140,-0.530578,-0.0006949208,21.855,0,5,144834565,-0.5305776,0,0,0,0,0,0,0,5,0,0,0,0,0,33,0
0,141,-0.529492,-0.0006888717,22.01,0,5,144834565,-0.5294915,0,0,0,0,0,0,0,5,0,0,0,0,0,33,0
0,142,-0.5281925,-0.000685783,22.165,0,5,144834565,-0.5281921,0,0,0,0,0,0,0,5,0,0,0,0,0,33,0
0,143,-0.5259427,-0.0006814922,22.32,0,5,144834565,-0.5259423,0,0,0,0,0,0,0,5,0,0,0,0,0,33,0
0,144,-0.5249923,-0.0006761122,22.475,0,5,144834565,-0.5249919,0,0,0,0,0,0,0,5,0,0,0,0,0,33,0
0,145,-0.5231498,-0.0006730235,22.63,0,5,144834565,-0.5231494,0,0,0,0,0,0,0,5,0,0,0,0,0,33,0
0,146,-0.5217729,-0.0006688261,22.785,0,5,144834565,-0.5217724,0,0,0,0,0,0,0,5,0,0,0,0,0,33,0
0,147,-0.5199885,-0.0006643331,22.94,0,5,144834565,-0.5199881,0,0,0,0,0,0,0,5,0,0,0,0,0,33,0
0,148,-0.5183012,-0.00065807,23.095,0,5,144834565,-0.5183008,0,0,0,0,0,0,0,5,0,0,0,0,0,33,0
0,149,-0.5172732,-0.0006556193,23.25,0,5,144834565,-0.5172729,0,0,0,0,0,0,0,5,0,0,0,0,0,33,0
0,150,-0.5156635,-0.0006510289,23.405,0,5,144834565,-0.5156631,0,0,0,0,0,0,0,5,0,0,0,0,0,33,0
0,151,-0.513821,-0.0006473645,23.56,0,5,144834565,-0.5138206,0,0,0,0,0,0,0,5,0,0,0,0,0,33,0
0,152,-0.5123276,-0.0006421751,23.715,0,5,144834565,-0.5123272,0,0,0,0,0,0,0,5,0,0,0,0,0,33,0
0,153,-0.5108148,-0.0006387363,23.87,0,5,144834565,-0.5108144,0,0,0,0,0,0,0,5,0,0,0,0,0,33,0
0,154,-0.5093215,-0.0006344027,24.025,0,5,144834565,-0.509321,0,0,0,0,0,0,0,5,0,0,0,0,0,33,0
0,155,-0.507925,-0.0006303804,24.18,0,5,144834565,-0.5079246,0,0,0,0,0,0,0,5,0,0,0,0,0,33,0
0,156,-0.5061601,-0.0006270077,24.335,0,5,144834565,-0.5061597,0,0,0,0,0,0,0,5,0,0,0,0,0,33,0
0,157,-0.5042982,-0.000620768,24.49,0,5,144834565,-0.5042978,0,0,0,0,0,0,0,5,0,0,0,0,0,33,0
0,158,-0.5029793,-0.0006180021,24.645,0,5,144834565,-0.502979,0,0,0,0,0,0,0,5,0,0,0,0,0,33,0
0,159,-0.501389,-0.0006130501,24.8,0,5,144834565,-0.5013886,0,0,0,0,0,0,0,5,0,0,0,0,0,33,0
0,160,-0.5001477,-0.0006101753,24.955,0,5,144834565,-0.5001473,0,0,0,0,0,0,0,5,0,0,0,0,0,33,0
0,161,-0.4982664,-0.0006054139,25.11,0,5,144834565,-0.4982661,0,0,0,0,0,0,0,5,0,0,0,0,0,33,0
0,162,-0.4967343,-0.0006019867,25.265,0,5,144834565,-0.4967339,0,0,0,0,0,0,0,5,0,0,0,0,0,33,0
0,163,-0.4953572,-0.0005967779,25.42,0,5,144834565,-0.4953569,0,0,0,0,0,0,0,5,0,0,0,0,0,33,0
0,164,-0.493922,-0.0005950507,25.575,0,5,144834565,-0.4939216,0,0,0,0,0,0,0,5,0,0,0,0,0,33,0
0,165,-0.4924286,-0.0005888304,25.73,0,5,144834565,-0.4924282,0,0,0,0,0,0,0,5,0,0,0,0,0,33,0
0,166,-0.4906055,-0.000585874,25.885,0,5,144834565,-0.4906051,0,0,0,0,0,0,0,5,0,0,0,0,0,33,0
0,167,-0.4893061,-0.0005815754,26.04,0,5,144834565,-0.4893057,0,0,0,0,0,0,0,5,0,0,0,0,0,33,0
0,168,-0.4877739,-0.0005792064,26.195,0,5,144834565,-0.4877735,0,0,0,0,0,0,0,5,0,0,0,0,0,33,0
0,169,-0.485912,-0.0005744955,26.35,0,5,144834565,-0.4859116,0,0,0,0,0,0,0,5,0,0,0,0,0,33,0
0,170,-0.4845156,-0.0005709477,26.505,0,5,144834565,-0.4845152,0,0,0,0,0,0,0,5,0,0,0,0,0,33,0
0,171,-0.4829834,-0.0005662796,26.66,0,5,144834565,-0.4829831,0,0,0,0,0,0,0,5,0,0,0,0,0,33,0
0,172,-0.4813542,-0.0005629614,26.815,0,5,144834565,-0.4813539,0,0,0,0,0,0,0,5,0,0,0,0,0,33,0
0,173,-0.4794536,-0.000558375,26.97,0,5,144834565,-0.4794532,0,0,0,0,0,0,0,5,0,0,0,0,0,33,0
0,174,-0.4783093,-0.0005548233,27.125,0,5,144834565,-0.4783089,0,0,0,0,0,0,0,5,0,0,0,0,0,33,0
0,175,-0.4765444,-0.0005513611,27.28,0,5,144834565,-0.476544,0,0,0,0,0,0,0,5,0,0,0,0,0,33,0
0,176,-0.4749928,-0.0005466269,27.435,0,5,144834565,-0.4749924,0,0,0,0,0,0,0,5,0,0,0,0,0,33,0
0,177,-0.4736545,-0.0005430792,27.59,0,5,144834565,-0.4736542,0,0,0,0,0,0,0,5,0,0,0,0,0,33,0
0,178,-0.4720448,-0.0005392241,27.745,0,5,144834565,-0.4720444,0,0,0,0,0,0,0,5,0,0,0,0,0,33,0
0,179,-0.4704932,-0.0005369056,27.9,0,5,144834565,-0.4704928,0,0,0,0,0,0,0,5,0,0,0,0,0,33,0
0,180,-0.4689804,-0.0005324437,28.055,0,5,144834565,-0.46898,0,0,0,0,0,0,0,5,0,0,0,0,0,33,0
0,181,-0.4675064,-0.0005288803,28.21,0,5,144834565,-0.467506,0,0,0,0,0,0,0,5,0,0,0,0,0,33,0
0,182,-0.4654506,-0.0005249086,28.365,0,5,144834565,-0.4654502,0,0,0,0,0,0,0,5,0,0,0,0,0,33,0
0,183,-0.4641899,-0.0005212986,28.52,0,5,144834565,-0.4641895,0,0,0,0,0,0,0,5,0,0,0,0,0,33,0
0,184,-0.4625995,-0.0005175952,28.675,0,5,144834565,-0.4625992,0,0,0,0,0,0,0,5,0,0,0,0,0,33,0
0,185,-0.4613777,-0.0005143587,28.83,0,5,144834565,-0.4613773,0,0,0,0,0,0,0,5,0,0,0,0,0,33,0
0,186,-0.4599037,-0.0005102119,28.985,0,5,144834565,-0.4599033,0,0,0,0,0,0,0,5,0,0,0,0,0,33,0
0,187,-0.4578672,-0.0005062984,29.14,0,5,144834565,-0.4578669,0,0,0,0,0,0,0,5,0,0,0,0,0,33,0
0,188,-0.4565096,-0.0005030074,29.295,0,5,144834565,-0.4565092,0,0,0,0,0,0,0,5,0,0,0,0,0,33,0
0,189,-0.4550356,-0.0004993079,29.45,0,5,144834565,-0.4550352,0,0,0,0,0,0,0,5,0,0,0,0,0,33,0
0,190,-0.4534065,-0.0004955346,29.605,0,5,144834565,-0.4534061,0,0,0,0,0,0,0,5,0,0,0,0,0,33,0
0,191,-0.4517385,-0.0004918351,29.76,0,5,144834565,-0.4517381,0,0,0,0,0,0,0,5,0,0,0,0,0,33,0
0,192,-0.4501288,-0.0004890615,29.915,0,5,144834565,-0.4501284,0,0,0,0,0,0,0,5,0,0,0,0,0,33,0
0,193,-0.4488099,-0.0004844362,30.07,0,5,144834565,-0.4488095,0,0,0,0,0,0,0,5,0,0,0,0,0,33,0
0,194,-0.4474523,-0.0004814758,30.225,0,5,144834565,-0.4474519,0,0,0,0,0,0,0,5,0,0,0,0,0,33,0
0,195,-0.4457843,-0.0004778969,30.38,0,5,144834565,-0.445784,0,0,0,0,0,0,0,5,0,0,0,0,0,33,0
0,196,-0.4441552,-0.0004753684,30.535,0,5,144834565,-0.4441548,0,0,0,0,0,0,0,5,0,0,0,0,0,33,0
0,197,-0.4423515,-0.000470568,30.69,0,5,144834565,-0.4423511,0,0,0,0,0,0,0,5,0,0,0,0,0,33,0
0,198,-0.4409163,-0.0004690392,30.845,0,5,144834565,-0.4409159,0,0,0,0,0,0,0,5,0,0,0,0,0,33,0
0,199,-0.4394617,-0.0004644684,31,0,5,144834565,-0.4394613,0,0,0,0,0,0,0,5,0,0,0,0,0,33,0
0,200,-0.4379101,-0.0004610529,31.155,0,5,144834565,-0.4379097,0,0,0,0,0,0,0,5,0,0,0,0,0,33,0
0,201,-0.4366106,-0.00045719,31.31,0,5,144834565,-0.4366103,0,0,0,0,0,0,0,5,0,0,0,0,0,33,0
0,202,-0.4347294,-0.0004545875,31.465,0,5,144834565,-0.434729,0,0,0,0,0,0,0,5,0,0,0,0,0,33,0
0,203,-0.4334493,-0.0004502851,31.62,0,5,144834565,-0.4334489,0,0,0,0,0,0,0,5,0,0,0,0,0,33,0
0,204,-0.4318396,-0.0004469358,31.775,0,5,144834565,-0.4318392,0,0,0,0,0,0,0,5,0,0,0,0,0,33,0
0,205,-0.4299001,-0.0004444655,31.93,0,5,144834565,-0.4298997,0,0,0,0,0,0,0,5,0,0,0,0,0,33,0
0,206,-0.4287752,-0.0004407039,32.085,0,5,144834565,-0.4287748,0,0,0,0,0,0,0,5,0,0,0,0,0,33,0
0,207,-0.42734,-0.000439568,32.24,0,5,144834565,-0.4273396,0,0,0,0,0,0,0,5,0,0,0,0,0,33,0
0,208,-0.4253229,-0.0004343397,32.395,0,5,144834565,-0.4253226,0,0,0,0,0,0,0,5,0,0,0,0,0,33,0
0,209,-0.4240041,-0.0004306947,32.55,0,5,144834565,-0.4240037,0,0,0,0,0,0,0,5,0,0,0,0,0,33,0
0,210,-0.4224719,-0.0004278432,32.705,0,5,144834565,-0.4224716,0,0,0,0,0,0,0,5,0,0,0,0,0,33,0
0,211,-0.4207652,-0.0004248829,32.86,0,5,144834565,-0.4207648,0,0,0,0,0,0,0,5,0,0,0,0,0,33,0
0,212,-0.4192718,-0.0004214752,33.015,0,5,144834565,-0.4192714,0,0,0,0,0,0,0,5,0,0,0,0,0,33,0
0,213,-0.417759,-0.0004183981,33.17,0,5,144834565,-0.4177586,0,0,0,0,0,0,0,5,0,0,0,0,0,33,0
0,214,-0.4163626,-0.0004145508,33.325,0,5,144834565,-0.4163622,0,0,0,0,0,0,0,5,0,0,0,0,0,33,0
0,215,-0.4145395,-0.0004108825,33.48,0,5,144834565,-0.4145391,0,0,0,0,0,0,0,5,0,0,0,0,0,33,0
0,216,-0.4130849,-0.0004073036,33.635,0,5,144834565,-0.4130845,0,0,0,0,0,0,0,5,0,0,0,0,0,33,0
0,217,-0.4113975,-0.0004055297,33.79,0,5,144834565,-0.4113972,0,0,0,0,0,0,0,5,0,0,0,0,0,33,0
0,218,-0.4100593,-0.000401982,33.945,0,5,144834565,-0.4100589,0,0,0,0,0,0,0,5,0,0,0,0,0,33,0
0,219,-0.4084495,-0.0003989905,34.1,0,5,144834565,-0.4084492,0,0,0,0,0,0,0,5,0,0,0,0,0,33,0
0,220,-0.4068398,-0.0003958084,34.255,0,5,144834565,-0.4068394,0,0,0,0,0,0,0,5,0,0,0,0,0,33,0
0,221,-0.4053076,-0.0003919183,34.41,0,5,144834565,-0.4053072,0,0,0,0,0,0,0,5,0,0,0,0,0,33,0
0,222,-0.4038724,-0.0003897593,34.565,0,5,144834565,-0.403872,0,0,0,0,0,0,0,5,0,0,0,0,0,33,0
0,223,-0.4022044,-0.0003851107,34.72,0,5,144834565,-0.4022041,0,0,0,0,0,0,0,5,0,0,0,0,0,33,0
0,224,-0.4009438,-0.0003828505,34.875,0,5,144834565,-0.4009434,0,0,0,0,0,0,0,5,0,0,0,0,0,33,0
0,225,-0.3993728,-0.0003802714,35.03,0,5,144834565,-0.3993725,0,0,0,0,0,0,0,5,0,0,0,0,0,33,0
0,226,-0.3973945,-0.000376214,35.185,0,5,144834565,-0.3973942,0,0,0,0,0,0,0,5,0,0,0,0,0,33,0
0,227,-0.3960563,-0.0003741873,35.34,0,5,144834565,-0.396056,0,0,0,0,0,0,0,5,0,0,0,0,0,33,0
0,228,-0.394815,-0.0003712503,35.495,0,5,144834565,-0.3948147,0,0,0,0,0,0,0,5,0,0,0,0,0,33,0
0,229,-0.3930695,-0.0003675392,35.65,0,5,144834565,-0.3930692,0,0,0,0,0,0,0,5,0,0,0,0,0,33,0
0,230,-0.3914597,-0.0003658237,35.805,0,5,144834565,-0.3914594,0,0,0,0,0,0,0,5,0,0,0,0,0,33,0
0,231,-0.3897918,-0.0003616301,35.96,0,5,144834565,-0.3897915,0,0,0,0,0,0,0,5,0,0,0,0,0,33,0
0,232,-0.3882596,-0.0003596579,36.115,0,5,144834565,-0.3882593,0,0,0,0,0,0,0,5,0,0,0,0,0,33,0
0,233,-0.3867081,-0.0003565108,36.27,0,5,144834565,-0.3867077,0,0,0,0,0,0,0,5,0,0,0,0,0,33,0
0,234,-0.3850401,-0.0003539744,36.425,0,5,144834565,-0.3850398,0,0,0,0,0,0,0,5,0,0,0,0,0,33,0
0,235,-0.3835855,-0.0003504967,36.58,0,5,144834565,-0.3835852,0,0,0,0,0,0,0,5,0,0,0,0,0,33,0
0,236,-0.3820921,-0.0003469178,36.735,0,5,144834565,-0.3820918,0,0,0,0,0,0,0,5,0,0,0,0,0,33,0
0,237,-0.3805211,-0.0003444593,36.89,0,5,144834565,-0.3805208,0,0,0,0,0,0,0,5,0,0,0,0,0,33,0
0,238,-0.3791441,-0.0003421291,37.045,0,5,144834565,-0.3791438,0,0,0,0,0,0,0,5,0,0,0,0,0,33,0
0,239,-0.3776119,-0.0003383208,37.2,0,5,144834565,-0.3776116,0,0,0,0,0,0,0,5,0,0,0,0,0,33,0
0,240,-0.3759828,-0.0003362785,37.355,0,5,144834565,-0.3759825,0,0,0,0,0,0,0,5,0,0,0,0,0,33,0
0,241,-0.374373,-0.0003329019,37.51,0,5,144834565,-0.3743727,0,0,0,0,0,0,0,5,0,0,0,0,0,33,0
0,242,-0.372899,-0.0003299065,37.665,0,5,144834565,-0.3728987,0,0,0,0,0,0,0,5,0,0,0,0,0,33,0
0,243,-0.3712116,-0.0003268217,37.82,0,5,144834565,-0.3712113,0,0,0,0,0,0,0,5,0,0,0,0,0,33,0
0,244,-0.3700286,-0.0003247366,37.975,0,5,144834565,-0.3700283,0,0,0,0,0,0,0,5,0,0,0,0,0,33,0
0,245,-0.3683218,-0.0003209554,38.13,0,5,144834565,-0.3683215,0,0,0,0,0,0,0,5,0,0,0,0,0,33,0
0,246,-0.3663436,-0.0003181001,38.285,0,5,144834565,-0.3663433,0,0,0,0,0,0,0,5,0,0,0,0,0,33,0
0,247,-0.3647532,-0.0003150464,38.44,0,5,144834565,-0.3647529,0,0,0,0,0,0,0,5,0,0,0,0,0,33,0
0,248,-0.3635119,-0.0003131402,38.595,0,5,144834565,-0.3635117,0,0,0,0,0,0,0,5,0,0,0,0,0,33,0
0,249,-0.3623289,-0.000310989,38.75,0,5,144834565,-0.3623286,0,0,0,0,0,0,0,5,0,0,0,0,0,33,0
0,250,-0.3606027,-0.0003063715,38.905,0,5,144834565,-0.3606025,0,0,0,0,0,0,0,5,0,0,0,0,0,33,0
0,251,-0.3590318,-0.0003042047,39.06,0,5,144834565,-0.3590315,0,0,0,0,0,0,0,5,0,0,0,0,0,33,0
0,252,-0.3576353,-0.0003012872,39.215,0,5,144834565,-0.3576351,0,0,0,0,0,0,0,5,0,0,0,0,0,33,0
0,253,-0.3558898,-0.0002993616,39.37,0,5,144834565,-0.3558896,0,0,0,0,0,0,0,5,0,0,0,0,0,33,0
0,254,-0.3542025,-0.0002976344,39.525,0,5,144834565,-0.3542022,0,0,0,0,0,0,0,5,0,0,0,0,0,33,0
0,255,-0.3525927,-0.000294429,39.68,0,5,144834565,-0.3525924,0,0,0,0,0,0,0,5,0,0,0,0,0,33,0
0,256,-0.3512933,-0.0002908501,39.835,0,5,144834565,-0.351293,0,0,0,0,0,0,0,5,0,0,0,0,0,33,0
0,257,-0.3494896,-0.0002879286,39.99,0,5,144834565,-0.3494893,0,0,0,0,0,0,0,5,0,0,0,0,0,33,0
0,258,-0.3483065,-0.0002848243,40.145,0,5,144834565,-0.3483062,0,0,0,0,0,0,0,5,0,0,0,0,0,33,0
0,259,-0.3463864,-0.000282537,40.3,0,5,144834565,-0.3463861,0,0,0,0,0,0,0,5,0,0,0,0,0,33,0
0,260,-0.3449512,-0.0002801368,40.455,0,5,144834565,-0.3449509,0,0,0,0,0,0,0,5,0,0,0,0,0,33,0
0,261,-0.3434384,-0.0002777405,40.61,0,5,144834565,-0.3434381,0,0,0,0,0,0,0,5,0,0,0,0,0,33,0
0,262,-0.341945,-0.0002765657,40.765,0,5,144834565,-0.3419448,0,0,0,0,0,0,0,5,0,0,0,0,0,33,0
0,263,-0.3400832,-0.0002727067,40.92,0,5,144834565,-0.3400829,0,0,0,0,0,0,0,5,0,0,0,0,0,33,0
0,264,-0.3386091,-0.0002691706,41.075,0,5,144834565,-0.3386089,0,0,0,0,0,0,0,5,0,0,0,0,0,33,0
0,265,-0.3370382,-0.0002673345,41.23,0,5,144834565,-0.3370379,0,0,0,0,0,0,0,5,0,0,0,0,0,33,0
0,266,-0.335603,-0.000265514,41.385,0,5,144834565,-0.3356027,0,0,0,0,0,0,0,5,0,0,0,0,0,33,0
0,267,-0.3340514,-0.0002627481,41.54,0,5,144834565,-0.3340511,0,0,0,0,0,0,0,5,0,0,0,0,0,33,0
0,268,-0.3325968,-0.0002608031,41.695,0,5,144834565,-0.3325965,0,0,0,0,0,0,0,5,0,0,0,0,0,33,0
0,269,-0.3307931,-0.0002569402,41.85,0,5,144834565,-0.3307928,0,0,0,0,0,0,0,5,0,0,0,0,0,33,0
0,270,-0.3293773,-0.000254789,42.005,0,5,144834565,-0.329377,0,0,0,0,0,0,0,5,0,0,0,0,0,33,0
0,271,-0.3278839,-0.000251533,42.16,0,5,144834565,-0.3278836,0,0,0,0,0,0,0,5,0,0,0,0,0,33,0
0,272,-0.3265069,-0.0002505605,42.315,0,5,144834565,-0.3265066,0,0,0,0,0,0,0,5,0,0,0,0,0,33,0
0,273,-0.3247419,-0.0002481681,42.47,0,5,144834565,-0.3247417,0,0,0,0,0,0,0,5,0,0,0,0,0,33,0
0,274,-0.3231903,-0.0002460013,42.625,0,5,144834565,-0.3231901,0,0,0,0,0,0,0,5,0,0,0,0,0,33,0
0,275,-0.3218327,-0.0002423913,42.78,0,5,144834565,-0.3218324,0,0,0,0,0,0,0,5,0,0,0,0,0,33,0
0,276,-0.320029,-0.0002403607,42.935,0,5,144834565,-0.3200288,0,0,0,0,0,0,0,5,0,0,0,0,0,33,0
0,277,-0.3184968,-0.0002378166,43.09,0,5,144834565,-0.3184966,0,0,0,0,0,0,0,5,0,0,0,0,0,33,0
0,278,-0.3168095,-0.0002364317,43.245,0,5,144834565,-0.3168092,0,0,0,0,0,0,0,5,0,0,0,0,0,33,0
0,279,-0.3153549,-0.0002332729,43.4,0,5,144834565,-0.3153546,0,0,0,0,0,0,0,5,0,0,0,0,0,33,0
0,280,-0.3139391,-0.0002316236,43.555,0,5,144834565,-0.3139388,0,0,0,0,0,0,0,5,0,0,0,0,0,33,0
0,281,-0.3121741,-0.0002293906,43.71,0,5,144834565,-0.3121739,0,0,0,0,0,0,0,5,0,0,0,0,0,33,0
0,282,-0.3108941,-0.0002271149,43.865,0,5,144834565,-0.3108938,0,0,0,0,0,0,0,5,0,0,0,0,0,33,0
0,283,-0.309711,-0.0002254694,44.02,0,5,144834565,-0.3097108,0,0,0,0,0,0,0,5,0,0,0,0,0,33,0
0,284,-0.3078491,-0.0002227308,44.175,0,5,144834565,-0.3078489,0,0,0,0,0,0,0,5,0,0,0,0,0,33,0
0,285,-0.3060066,-0.0002188174,44.33,0,5,144834565,-0.3060064,0,0,0,0,0,0,0,5,0,0,0,0,0,33,0
0,286,-0.3049593,-0.0002176776,44.485,0,5,144834565,-0.3049591,0,0,0,0,0,0,0,5,0,0,0,0,0,33,0
0,287,-0.3028841,-0.0002157792,44.64,0,5,144834565,-0.3028838,0,0,0,0,0,0,0,5,0,0,0,0,0,33,0
0,288,-0.301604,-0.0002135463,44.795,0,5,144834565,-0.3016038,0,0,0,0,0,0,0,5,0,0,0,0,0,33,0
0,289,-0.2999749,-0.0002110917,44.95,0,5,144834565,-0.2999746,0,0,0,0,0,0,0,5,0,0,0,0,0,33,0
0,290,-0.2984815,-0.0002089132,45.105,0,5,144834565,-0.2984812,0,0,0,0,0,0,0,5,0,0,0,0,0,33,0
0,291,-0.2970463,-0.00020747,45.26,0,5,144834565,-0.297046,0,0,0,0,0,0,0,5,0,0,0,0,0,33,0
0,292,-0.2953783,-0.0002054238,45.415,0,5,144834565,-0.2953781,0,0,0,0,0,0,0,5,0,0,0,0,0,33,0
0,293,-0.2937298,-0.0002028175,45.57,0,5,144834565,-0.2937295,0,0,0,0,0,0,0,5,0,0,0,0,0,33,0
0,294,-0.2922364,-0.0002008725,45.725,0,5,144834565,-0.2922361,0,0,0,0,0,0,0,5,0,0,0,0,0,33,0
0,295,-0.290743,-0.0001997327,45.88,0,5,144834565,-0.2907428,0,0,0,0,0,0,0,5,0,0,0,0,0,33,0
0,296,-0.2892108,-0.0001969862,46.035,0,5,144834565,-0.2892106,0,0,0,0,0,0,0,5,0,0,0,0,0,33,0
0,297,-0.2873489,-0.0001948662,46.19,0,5,144834565,-0.2873487,0,0,0,0,0,0,0,5,0,0,0,0,0,33,0
0,298,-0.2860301,-0.000192571,46.345,0,5,144834565,-0.2860298,0,0,0,0,0,0,0,5,0,0,0,0,0,33,0
0,299,-0.2844009,-0.0001910344,46.5,0,5,144834565,-0.2844007,0,0,0,0,0,0,0,5,0,0,0,0,0,33,0
0,300,-0.2828493,-0.0001894745,46.655,0,5,144834565,-0.2828491,0,0,0,0,0,0,0,5,0,0,0,0,0,33,0
0,301,-0.2811232,-0.0001875723,46.81,0,5,144834565,-0.281123,0,0,0,0,0,0,0,5,0,0,0,0,0,33,0
0,302,-0.279882,-0.0001850826,46.965,0,5,144834565,-0.2798817,0,0,0,0,0,0,0,5,0,0,0,0,0,33,0
0,303,-0.2782722,-0.0001829119,47.12,0,5,144834565,-0.278272,0,0,0,0,0,0,0,5,0,0,0,0,0,33,0
0,304,-0.276643,-0.0001809902,47.275,0,5,144834565,-0.2766428,0,0,0,0,0,0,0,5,0,0,0,0,0,33,0
0,305,-0.2753242,-0.0001791074,47.43,0,5,144834565,-0.275324,0,0,0,0,0,0,0,5,0,0,0,0,0,33,0
0,306,-0.2735787,-0.0001773219,47.585,0,5,144834565,-0.2735784,0,0,0,0,0,0,0,5,0,0,0,0,0,33,0
0,307,-0.2719107,-0.0001743927,47.74,0,5,144834565,-0.2719105,0,0,0,0,0,0,0,5,0,0,0,0,0,33,0
0,308,-0.2703204,-0.0001738169,47.895,0,5,144834565,-0.2703201,0,0,0,0,0,0,0,5,0,0,0,0,0,33,0
0,309,-0.2690985,-0.0001728094,48.05,0,5,144834565,-0.2690983,0,0,0,0,0,0,0,5,0,0,0,0,0,33,0
0,310,-0.2672948,-0.0001697051,48.205,0,5,144834565,-0.2672946,0,0,0,0,0,0,0,5,0,0,0,0,0,33,0
0,311,-0.2662087,-0.0001682463,48.36,0,5,144834565,-0.2662085,0,0,0,0,0,0,0,5,0,0,0,0,0,33,0
0,312,-0.2645407,-0.0001667097,48.515,0,5,144834565,-0.2645405,0,0,0,0,0,0,0,5,0,0,0,0,0,33,0
0,313,-0.2628728,-0.0001656439,48.67,0,5,144834565,-0.2628726,0,0,0,0,0,0,0,5,0,0,0,0,0,33,0
0,314,-0.2613988,-0.0001640139,48.825,0,5,144834565,-0.2613986,0,0,0,0,0,0,0,5,0,0,0,0,0,33,0
0,315,-0.2595369,-0.000161252,48.98,0,5,144834565,-0.2595367,0,0,0,0,0,0,0,5,0,0,0,0,0,33,0
0,316,-0.2583732,-0.0001590774,49.135,0,5,144834565,-0.258373,0,0,0,0,0,0,0,5,0,0,0,0,0,33,0
0,317,-0.2566665,-0.0001578053,49.29,0,5,144834565,-0.2566663,0,0,0,0,0,0,0,5,0,0,0,0,0,33,0
0,318,-0.2552507,-0.0001560665,49.445,0,5,144834565,-0.2552505,0,0,0,0,0,0,0,5,0,0,0,0,0,33,0
0,319,-0.2535051,-0.0001553429,49.6,0,5,144834565,-0.2535049,0,0,0,0,0,0,0,5,0,0,0,0,0,33,0
0,320,-0.251779,-0.0001526237,49.755,0,5,144834565,-0.2517788,0,0,0,0,0,0,0,5,0,0,0,0,0,33,0
0,321,-0.2505571,-0.0001503169,49.91,0,5,144834565,-0.2505569,0,0,0,0,0,0,0,5,0,0,0,0,0,33,0
0,322,-0.248831,-0.0001497023,50.065,0,5,144834565,-0.2488308,0,0,0,0,0,0,0,5,0,0,0,0,0,33,0
0,323,-0.2473764,-0.0001479012,50.22,0,5,144834565,-0.2473762,0,0,0,0,0,0,0,5,0,0,0,0,0,33,0
0,324,-0.2455921,-0.0001463179,50.375,0,5,144834565,-0.2455919,0,0,0,0,0,0,0,5,0,0,0,0,0,33,0
0,325,-0.2441763,-0.0001440889,50.53,0,5,144834565,-0.2441761,0,0,0,0,0,0,0,5,0,0,0,0,0,33,0
0,326,-0.2426441,-0.0001429608,50.685,0,5,144834565,-0.2426439,0,0,0,0,0,0,0,5,0,0,0,0,0,33,0
0,327,-0.240918,-0.00014214,50.84,0,5,144834565,-0.2409178,0,0,0,0,0,0,0,5,0,0,0,0,0,33,0
0,328,-0.2399094,-0.0001408057,50.995,0,5,144834565,-0.2399092,0,0,0,0,0,0,0,5,0,0,0,0,0,33,0
0,329,-0.237679,-0.0001389812,51.15,0,5,144834565,-0.2376788,0,0,0,0,0,0,0,5,0,0,0,0,0,33,0
0,330,-0.2364572,-0.0001376508,51.305,0,5,144834565,-0.236457,0,0,0,0,0,0,0,5,0,0,0,0,0,33,0
0,331,-0.2347892,-0.0001353284,51.46,0,5,144834565,-0.234789,0,0,0,0,0,0,0,5,0,0,0,0,0,33,0
0,332,-0.2332958,-0.0001342664,51.615,0,5,144834565,-0.2332956,0,0,0,0,0,0,0,5,0,0,0,0,0,33,0
0,333,-0.2316667,-0.0001328077,51.77,0,5,144834565,-0.2316665,0,0,0,0,0,0,0,5,0,0,0,0,0,33,0
0,334,-0.2302897,-0.000131166,51.925,0,5,144834565,-0.2302895,0,0,0,0,0,0,0,5,0,0,0,0,0,33,0
0,335,-0.2288544,-0.0001305047,52.08,0,5,144834565,-0.2288543,0,0,0,0,0,0,0,5,0,0,0,0,0,33,0
0,336,-0.2273611,-0.0001282057,52.235,0,5,144834565,-0.2273609,0,0,0,0,0,0,0,5,0,0,0,0,0,33,0
0,337,-0.2254992,-0.0001268481,52.39,0,5,144834565,-0.225499,0,0,0,0,0,0,0,5,0,0,0,0,0,33,0
0,338,-0.2240833,-0.0001260311,52.545,0,5,144834565,-0.2240832,0,0,0,0,0,0,0,5,0,0,0,0,0,33,0
0,339,-0.2225124,-0.0001241328,52.7,0,5,144834565,-0.2225122,0,0,0,0,0,0,0,5,0,0,0,0,0,33,0
0,340,-0.2209026,-0.0001223434,52.855,0,5,144834565,-0.2209024,0,0,0,0,0,0,0,5,0,0,0,0,0,33,0
0,341,-5.596594,-0.0003415028,53.01,0,5,144834821,-5.59659,0,0,0,0,0,0,0,261,0,0,0,0,0,33,0
0,342,-0.9960706,0.00231723,53.165,0,4,144834820,-0.9960698,0,0,0,0,0,0,0,260,0,0,0,0,0,33,0
0,343,-0.2144054,-0.001860924,53.32,0,3,144835587,-0.9960698,0,0,0,0,0,0,0,1027,0,0,0,0,0,33,0
0,344,-0.2148515,-0.0001294728,53.475,0,3,144834563,-0.2148513,0,0,0,0,0,0,0,3,0,0,0,0,0,33,0
0,345,-0.2132417,-9.055933E-06,53.63,0,4,144835588,-0.2148513,0,0,0,0,0,0,0,1028,0,0,0,0,0,33,0
0,346,0.5376829,-0.01268036,53.785,0,4,144834820,0.5376825,0,0,0,0,0,0,0,260,0,0,0,0,0,33,0
0,347,-0.2103713,-0.0001169967,53.94,0,3,144835587,0.5376825,0,0,0,0,0,0,0,1027,0,0,0,0,0,33,0
0,348,-0.2088003,-0.0001049105,54.095,0,3,144834563,-0.2088001,0,0,0,0,0,0,0,3,0,0,0,0,0,33,0
0,349,-0.2079469,7.765581E-05,54.25,0,4,144835588,-0.2088001,0,0,0,0,0,0,0,1028,0,0,0,0,0,33,0
0,350,-0.1124086,-0.1902,54.405,0,3,144835843,-0.2088001,0,0,0,0,0,0,0,1283,0,0,0,0,0,33,0
0,351,-0.2041262,-8.775583E-05,54.56,0,3,144835587,-0.2088001,0,0,0,0,0,0,0,1027,0,0,0,0,0,33,0
0,352,-0.2023225,-1.158341E-05,54.715,0,4,144835588,-0.2088001,0,0,0,0,0,0,0,1028,0,0,0,0,0,33,0
0,353,0.2803538,-0.02038468,54.87,0,4,144834820,0.2803536,0,0,0,0,0,0,0,260,0,0,0,0,0,33,0
0,354,-0.1996848,-0.0006226693,55.025,0,3,144835587,0.2803536,0,0,0,0,0,0,0,1027,0,0,0,0,0,33,0
0,355,-0.1978423,-7.605947E-05,55.18,0,3,144834563,-0.1978421,0,0,0,0,0,0,0,3,0,0,0,0,0,33,0
0,356,-0.1968144,-8.356018E-06,55.335,0,4,144835588,-0.1978421,0,0,0,0,0,0,0,1028,0,0,0,0,0,33,0
0,357,0.6299048,0.0001214394,55.49,0,4,144834820,0.6299043,0,0,0,0,0,0,0,260,0,0,0,0,0,33,0
0,358,-0.1934785,-8.424692E-05,55.645,0,3,144835587,0.6299043,0,0,0,0,0,0,0,1027,0,0,0,0,0,33,0
0,359,-0.1915584,-6.553275E-05,55.8,0,3,144834563,-0.1915582,0,0,0,0,0,0,0,3,0,0,0,0,0,33,0
0,360,-1.003964,-0.01044682,55.955,0,4,144835844,-0.1915582,0,0,0,0,0,0,0,1284,0,0,0,0,0,33,0
0,361,-0.1084133,0.1723903,56.11,0,3,144835843,-0.1915582,0,0,0,0,0,0,0,1283,0,0,0,0,0,33,0
0,362,-0.1868067,-9.477364E-05,56.265,0,3,144834563,-0.1868065,0,0,0,0,0,0,0,3,0,0,0,0,0,33,0
0,363,-0.1855848,-9.172586E-06,56.42,0,4,144835588,-0.1868065,0,0,0,0,0,0,0,1028,0,0,0,0,0,33,0
0,364,-0.9707217,-0.01472781,56.575,0,4,144834820,-0.970721,0,0,0,0,0,0,0,260,0,0,0,0,0,33,0
0,365,-0.1821326,-0.0001041307,56.73,0,3,144835587,-0.970721,0,0,0,0,0,0,0,1027,0,0,0,0,0,33,0
0,366,-0.1806392,-0.0001045206,56.885,0,3,144834563,-0.180639,0,0,0,0,0,0,0,3,0,0,0,0,0,33,0
0,367,-0.985675,-0.01294536,57.04,0,4,144835844,-0.180639,0,0,0,0,0,0,0,1284,0,0,0,0,0,33,0
0,368,-0.1856818,-0.1865484,57.195,0,3,144835843,-0.180639,0,0,0,0,0,0,0,1283,0,0,0,0,0,33,0
0,369,-0.1757129,-9.00951E-05,57.35,0,3,144834563,-0.1757128,0,0,0,0,0,0,0,3,0,0,0,0,0,33,0
0,370,-0.1747238,-1.158341E-05,57.505,0,4,144835588,-0.1757128,0,0,0,0,0,0,0,1028,0,0,0,0,0,33,0
0,371,0.6385548,-0.00899492,57.66,0,4,144834820,0.6385543,0,0,0,0,0,0,0,260,0,0,0,0,0,33,0
0,372,-0.1714655,-9.516352E-05,57.815,0,3,144835587,0.6385543,0,0,0,0,0,0,0,1027,0,0,0,0,0,33,0
0,373,-0.1698751,-5.656554E-05,57.97,0,3,144834563,-0.169875,0,0,0,0,0,0,0,3,0,0,0,0,0,33,0
0,374,-0.1684787,-9.289239E-06,58.125,0,4,144835588,-0.169875,0,0,0,0,0,0,0,1028,0,0,0,0,0,33,0
0,375,0.4064583,-0.02038468,58.28,0,4,144834820,0.4064579,0,0,0,0,0,0,0,260,0,0,0,0,0,33,0
0,376,-0.1652204,-8.697607E-05,58.435,0,3,144835587,0.4064579,0,0,0,0,0,0,0,1027,0,0,0,0,0,33,0
0,377,-0.163727,-7.772755E-06,58.59,0,4,144835588,0.4064579,0,0,0,0,0,0,0,1028,0,0,0,0,0,33,0
0,378,-1.011994,-0.00186076,58.745,0,4,144834820,-1.011993,0,0,0,0,0,0,0,260,0,0,0,0,0,33,0
0,379,-0.1692739,0.002323254,58.9,0,3,144835587,-1.011993,0,0,0,0,0,0,0,1027,0,0,0,0,0,33,0
0,380,-0.1594989,-7.021129E-05,59.055,0,3,144834563,-0.1594988,0,0,0,0,0,0,0,3,0,0,0,0,0,33,0
0,381,-0.1575207,-5.945199E-06,59.21,0,4,144835588,-0.1594988,0,0,0,0,0,0,0,1028,0,0,0,0,0,33,0
0,382,-0.05478687,-0.01894235,59.365,0,4,144834820,-0.05478683,0,0,0,0,0,0,0,260,0,0,0,0,0,33,0
0,383,-0.1540684,-7.605947E-05,59.52,0,3,144835587,-0.05478683,0,0,0,0,0,0,0,1027,0,0,0,0,0,33,0
0,384,-0.1529435,-5.305663E-05,59.675,0,3,144834563,-0.1529434,0,0,0,0,0,0,0,3,0,0,0,0,0,33,0
0,385,-0.08793244,-0.0002556983,59.83,0,4,144835588,-0.1529434,0,0,0,0,0,0,0,1028,0,0,0,0,0,33,0
0,386,-0.06015921,0.0187255,59.985,0,4,144834820,-0.06015917,0,0,0,0,0,0,0,260,0,0,0,0,0,33,0
0,387,-0.1480367,-6.08542E-05,60.14,0,3,144835587,-0.06015917,0,0,0,0,0,0,0,1027,0,0,0,0,0,33,0
0,388,-0.1464657,-6.217388E-06,60.295,0,4,144835588,-0.06015917,0,0,0,0,0,0,0,1028,0,0,0,0,0,33,0
0,389,0.4285876,0.02038831,60.45,0,4,144835844,-0.06015917,0,0,0,0,0,0,0,1284,0,0,0,0,0,33,0
0,390,-0.5697359,-0.17567,60.605,0,3,144835843,-0.06015917,0,0,0,0,0,0,0,1283,0,0,0,0,0,33,0
0,391,-0.1418885,-6.358336E-05,60.76,0,3,144834563,-0.1418884,0,0,0,0,0,0,0,3,0,0,0,0,0,33,0
0,392,-0.1403951,-8.822629E-06,60.915,0,4,144835588,-0.1418884,0,0,0,0,0,0,0,1028,0,0,0,0,0,33,0
0,393,-0.5276495,-0.02038468,61.07,0,4,144834820,-0.527649,0,0,0,0,0,0,0,260,0,0,0,0,0,33,0
0,394,-0.1268576,0.001383646,61.225,0,3,144835587,-0.527649,0,0,0,0,0,0,0,1027,0,0,0,0,0,33,0
0,395,-0.1358568,-3.9021E-05,61.38,0,3,144834563,-0.1358567,0,0,0,0,0,0,0,3,0,0,0,0,0,33,0
0,396,-0.1342276,-6.722882E-06,61.535,0,4,144835588,-0.1358567,0,0,0,0,0,0,0,1028,0,0,0,0,0,33,0
0,397,-0.9583867,-0.01121575,61.69,0,4,144834820,-0.9583859,0,0,0,0,0,0,0,260,0,0,0,0,0,33,0
0,398,-0.1308917,-9.906231E-05,61.845,0,3,144835587,-0.9583859,0,0,0,0,0,0,0,1027,0,0,0,0,0,33,0
0,399,-0.1291268,-5.284167E-06,62,0,4,144835588,-0.9583859,0,0,0,0,0,0,0,1028,0,0,0,0,0,33,0
0,400,0.2876656,-0.02038468,62.155,0,4,144835844,-0.9583859,0,0,0,0,0,0,0,1284,0,0,0,0,0,33,0
0,401,-0.3034659,-0.1487645,62.31,0,3,144835843,-0.9583859,0,0,0,0,0,0,0,1283,0,0,0,0,0,33,0
0,402,-0.1245109,-3.785137E-05,62.465,0,3,144834563,-0.1245108,0,0,0,0,0,0,0,3,0,0,0,0,0,33,0
0,403,-0.1234636,-3.884336E-06,62.62,0,4,144835588,-0.1245108,0,0,0,0,0,0,0,1028,0,0,0,0,0,33,0
0,404,-0.5201243,0.02038831,62.775,0,4,144834820,-0.5201239,0,0,0,0,0,0,0,260,0,0,0,0,0,33,0
0,405,-0.1192937,-5.773517E-05,62.93,0,3,144835587,-0.5201239,0,0,0,0,0,0,0,1027,0,0,0,0,0,33,0
0,406,-0.1185373,-3.239307E-05,63.085,0,3,144834563,-0.1185372,0,0,0,0,0,0,0,3,0,0,0,0,0,33,0
0,407,-0.1173154,-6.645114E-06,63.24,0,4,144835588,-0.1185372,0,0,0,0,0,0,0,1028,0,0,0,0,0,33,0
0,408,-0.9162032,0.01143464,63.395,0,4,144834820,-0.9162024,0,0,0,0,0,0,0,260,0,0,0,0,0,33,0
0,409,-0.1140377,-8.229753E-05,63.55,0,3,144835587,-0.9162024,0,0,0,0,0,0,0,1027,0,0,0,0,0,33,0
0,410,-0.1127577,-6.60623E-06,63.705,0,4,144835588,-0.9162024,0,0,0,0,0,0,0,1028,0,0,0,0,0,33,0
0,411,-0.9129837,0.01130115,63.86,0,4,144834820,-0.9129829,0,0,0,0,0,0,0,260,0,0,0,0,0,33,0
0,412,-0.1096545,-4.369954E-05,64.015,0,3,144835587,-0.9129829,0,0,0,0,0,0,0,1027,0,0,0,0,0,33,0
0,413,-0.1072302,-3.512222E-05,64.17,0,3,144834563,-0.1072301,0,0,0,0,0,0,0,3,0,0,0,0,0,33,0
0,414,-0.1826756,-0.01869653,64.325,0,4,144835844,-0.1072301,0,0,0,0,0,0,0,1284,0,0,0,0,0,33,0
0,415,-0.2036995,-0.1887313,64.48,0,3,144835843,-0.1072301,0,0,0,0,0,0,0,1283,0,0,0,0,0,33,0
0,416,-0.1033318,-5.695542E-05,64.635,0,3,144834563,-0.1033318,0,0,0,0,0,0,0,3,0,0,0,0,0,33,0
0,417,-0.1017803,-6.061851E-06,64.79,0,4,144835588,-0.1033318,0,0,0,0,0,0,0,1028,0,0,0,0,0,33,0
0,418,-0.9614123,0.0001887479,64.945,0,4,144834820,-0.9614115,0,0,0,0,0,0,0,260,0,0,0,0,0,33,0
0,419,-0.09859954,-1.835743E-05,65.1,0,3,144835587,-0.9614115,0,0,0,0,0,0,0,1027,0,0,0,0,0,33,0
0,420,-0.09695099,-6.007445E-05,65.255,0,3,144834563,-0.0969509,0,0,0,0,0,0,0,3,0,0,0,0,0,33,0
0,421,-0.09553517,-4.817557E-06,65.41,0,4,144835588,-0.0969509,0,0,0,0,0,0,0,1028,0,0,0,0,0,33,0
0,422,-0.6672526,0.02038831,65.565,0,4,144834820,-0.6672521,0,0,0,0,0,0,0,260,0,0,0,0,0,33,0
0,423,-0.09262596,-6.787202E-05,65.72,0,3,144835587,-0.6672521,0,0,0,0,0,0,0,1027,0,0,0,0,0,33,0
0,424,-0.0910356,-6.178504E-06,65.875,0,4,144835588,-0.6672521,0,0,0,0,0,0,0,1028,0,0,0,0,0,33,0
0,425,-0.7743696,-0.02038468,66.03,0,4,144835844,-0.6672521,0,0,0,0,0,0,0,1284,0,0,0,0,0,33,0
0,426,0.7223206,-0.1193041,66.185,0,3,144835843,-0.6672521,0,0,0,0,0,0,0,1283,0,0,0,0,0,33,0
0,427,-0.08643905,-5.73453E-05,66.34,0,3,144834563,-0.08643898,0,0,0,0,0,0,0,3,0,0,0,0,0,33,0
0,428,-0.08446079,-5.245283E-06,66.495,0,4,144835588,-0.08643898,0,0,0,0,0,0,0,1028,0,0,0,0,0,33,0
0,429,-0.6565855,0.02038831,66.65,0,4,144835844,-0.08643898,0,0,0,0,0,0,0,1284,0,0,0,0,0,33,0
0,430,-0.2164418,0.204427,66.805,0,3,144835843,-0.08643898,0,0,0,0,0,0,0,1283,0,0,0,0,0,33,0
0,431,-0.07992242,-4.954772E-05,66.96,0,3,144834563,-0.07992236,0,0,0,0,0,0,0,3,0,0,0,0,0,33,0
0,432,-0.07866177,-6.061851E-06,67.115,0,4,144835588,-0.07992236,0,0,0,0,0,0,0,1028,0,0,0,0,0,33,0
0,433,0.4149337,-0.02038468,67.27,0,4,144834820,0.4149334,0,0,0,0,0,0,0,260,0,0,0,0,0,33,0
0,434,-0.07499617,-3.590197E-05,67.425,0,3,144835587,0.4149334,0,0,0,0,0,0,0,1027,0,0,0,0,0,33,0
0,435,-0.07367732,-3.9021E-05,67.58,0,3,144834563,-0.07367726,0,0,0,0,0,0,0,3,0,0,0,0,0,33,0
0,436,-0.7930661,0.01828249,67.735,0,4,144835844,-0.07367726,0,0,0,0,0,0,0,1284,0,0,0,0,0,33,0
0,437,-0.2710186,0.198284,67.89,0,3,144835843,-0.07367726,0,0,0,0,0,0,0,1283,0,0,0,0,0,33,0
0,438,-0.06950746,-4.214003E-05,68.045,0,3,144835587,-0.07367726,0,0,0,0,0,0,0,1027,0,0,0,0,0,33,0
0,439,-0.06719949,-5.128631E-06,68.2,0,4,144835588,-0.07367726,0,0,0,0,0,0,0,1028,0,0,0,0,0,33,0
0,440,0.4716051,-0.02038468,68.355,0,4,144834820,0.4716047,0,0,0,0,0,0,0,260,0,0,0,0,0,33,0
0,441,-0.09320781,0.05875194,68.51,0,3,144835587,0.4716047,0,0,0,0,0,0,0,1027,0,0,0,0,0,33,0
0,442,-0.06283568,-2.342586E-05,68.665,0,3,144834563,-0.06283563,0,0,0,0,0,0,0,3,0,0,0,0,0,33,0
0,443,-0.06118713,-4.350947E-06,68.82,0,4,144835588,-0.06283563,0,0,0,0,0,0,0,1028,0,0,0,0,0,33,0
0,444,-0.5212298,0.02038831,68.975,0,4,144834820,-0.5212294,0,0,0,0,0,0,0,260,0,0,0,0,0,33,0
0,445,-0.05839429,-4.798821E-05,69.13,0,3,144835587,-0.5212294,0,0,0,0,0,0,0,1027,0,0,0,0,0,33,0
0,446,-0.05703666,-2.771452E-05,69.285,0,3,144834563,-0.05703661,0,0,0,0,0,0,0,3,0,0,0,0,0,33,0
0,447,0.1377639,-0.01108417,69.44,0,4,144835844,-0.05703661,0,0,0,0,0,0,0,1284,0,0,0,0,0,33,0
0,448,0.3836113,0.204427,69.595,0,3,144835843,-0.05703661,0,0,0,0,0,0,0,1283,0,0,0,0,0,33,0
0,449,-0.05240132,-3.005379E-05,69.75,0,3,144835587,-0.05703661,0,0,0,0,0,0,0,1027,0,0,0,0,0,33,0
0,450,-0.05077216,-7.033956E-06,69.905,0,4,144835588,-0.05703661,0,0,0,0,0,0,0,1028,0,0,0,0,0,33,0
0,451,-0.7397888,0.01918041,70.06,0,4,144834820,-0.7397882,0,0,0,0,0,0,0,260,0,0,0,0,0,33,0
0,452,-0.04745567,-5.227688E-05,70.215,0,3,144835587,-0.7397882,0,0,0,0,0,0,0,1027,0,0,0,0,0,33,0
0,453,-0.04574893,-4.954772E-05,70.37,0,3,144834563,-0.0457489,0,0,0,0,0,0,0,3,0,0,0,0,0,33,0
0,454,0.08153859,-0.01923033,70.525,0,4,144835844,-0.0457489,0,0,0,0,0,0,0,1284,0,0,0,0,0,33,0
0,455,0.2172822,-0.20439,70.68,0,3,144835843,-0.0457489,0,0,0,0,0,0,0,1283,0,0,0,0,0,33,0
0,456,-0.04099723,-5.110724E-05,70.835,0,3,144834563,-0.0409972,0,0,0,0,0,0,0,3,0,0,0,0,0,33,0
0,457,-0.0396396,-3.689916E-06,70.99,0,4,144835588,-0.0409972,0,0,0,0,0,0,0,1028,0,0,0,0,0,33,0
0,458,0.8036621,0.006739217,71.145,0,4,144834820,0.8036614,0,0,0,0,0,0,0,260,0,0,0,0,0,33,0
0,459,-0.03649766,-3.629185E-05,71.3,0,3,144835587,0.8036614,0,0,0,0,0,0,0,1027,0,0,0,0,0,33,0
0,460,-0.03525639,-1.679792E-05,71.455,0,3,144834563,-0.03525637,0,0,0,0,0,0,0,3,0,0,0,0,0,33,0
0,461,-0.03347208,-2.873348E-06,71.61,0,4,144835588,-0.03525637,0,0,0,0,0,0,0,1028,0,0,0,0,0,33,0
0,462,0.7453615,-0.01451368,71.765,0,4,144834820,0.7453609,0,0,0,0,0,0,0,260,0,0,0,0,0,33,0
0,463,-0.03011679,-1.52384E-05,71.92,0,3,144835587,0.7453609,0,0,0,0,0,0,0,1027,0,0,0,0,0,33,0
0,464,-0.02872037,-3.767684E-06,72.075,0,4,144835588,0.7453609,0,0,0,0,0,0,0,1028,0,0,0,0,0,33,0
0,465,-0.1625633,0.01921595,72.23,0,4,144834820,-0.1625632,0,0,0,0,0,0,0,260,0,0,0,0,0,33,0
0,466,-0.02559783,-1.406877E-05,72.385,0,3,144835587,-0.1625632,0,0,0,0,0,0,0,1027,0,0,0,0,0,33,0
0,467,-0.02431777,-4.564894E-05,72.54,0,3,144834563,-0.02431775,0,0,0,0,0,0,0,3,0,0,0,0,0,33,0
0,468,-0.02264983,-3.495494E-06,72.695,0,4,144835588,-0.02431775,0,0,0,0,0,0,0,1028,0,0,0,0,0,33,0
0,469,-0.7748351,0.01585177,72.85,0,4,144834820,-0.7748345,0,0,0,0,0,0,0,260,0,0,0,0,0,33,0
0,470,-0.01906181,-3.473234E-05,73.005,0,3,144835587,-0.7748345,0,0,0,0,0,0,0,1027,0,0,0,0,0,33,0
0,471,-0.01752962,-1.084675E-06,73.16,0,4,144835588,-0.7748345,0,0,0,0,0,0,0,1028,0,0,0,0,0,33,0
0,472,-0.2537379,0.02024136,73.315,0,4,144834820,-0.2537377,0,0,0,0,0,0,0,260,0,0,0,0,0,33,0
0,473,-0.02544267,0.007739447,73.47,0,3,144835587,-0.2537377,0,0,0,0,0,0,0,1027,0,0,0,0,0,33,0
0,474,-0.01332097,-4.954772E-05,73.625,0,3,144834563,-0.01332096,0,0,0,0,0,0,0,3,0,0,0,0,0,33,0
0,475,-0.01163363,-2.406737E-06,73.78,0,4,144835588,-0.01332096,0,0,0,0,0,0,0,1028,0,0,0,0,0,33,0
0,476,0.05644182,-0.01877842,73.935,0,4,144834820,0.05644177,0,0,0,0,0,0,0,260,0,0,0,0,0,33,0
0,477,-0.008898974,-2.303598E-05,74.09,0,3,144835587,0.05644177,0,0,0,0,0,0,0,1027,0,0,0,0,0,33,0
0,478,-0.00785166,-3.044367E-05,74.245,0,3,144834563,-0.007851654,0,0,0,0,0,0,0,3,0,0,0,0,0,33,0
0,479,-0.7997961,0.01633949,74.4,0,4,144835844,-0.007851654,0,0,0,0,0,0,0,1284,0,0,0,0,0,33,0
0,480,-0.170263,-0.1928242,74.555,0,3,144835843,-0.007851654,0,0,0,0,0,0,0,1283,0,0,0,0,0,33,0
0,481,-0.002285376,-4.097039E-05,74.71,0,3,144835587,-0.007851654,0,0,0,0,0,0,0,1027,0,0,0,0,0,33,0
0,482,-0.0003652995,-3.45661E-06,74.865,0,4,144835588,-0.007851654,0,0,0,0,0,0,0,1028,0,0,0,0,0,33,0
0,483,-0.682458,-0.02038468,75.02,0,4,144834820,-0.6824575,0,0,0,0,0,0,0,260,0,0,0,0,0,33,0
0,484,0.000488068,-0.0005404049,75.175,0,3,144835587,-0.6824575,0,0,0,0,0,0,0,1027,0,0,0,0,0,33,0
0,485,0.003571828,-1.952707E-05,75.33,0,3,144834563,0.003571825,0,0,0,0,0,0,0,3,0,0,0,0,0,33,0
0,486,0.005317352,-2.681068E-07,75.485,0,4,144835588,0.003571825,0,0,0,0,0,0,0,1028,0,0,0,0,0,33,0
0,487,-0.8365878,0.004090349,75.64,0,4,144834820,-0.8365872,0,0,0,0,0,0,0,260,0,0,0,0,0,33,0
0,488,0.008323533,-7.566959E-05,75.795,0,3,144835587,-0.8365872,0,0,0,0,0,0,0,1027,0,0,0,0,0,33,0
0,489,0.00987511,-4.720845E-05,75.95,0,3,144834563,0.009875102,0,0,0,0,0,0,0,3,0,0,0,0,0,33,0
0,490,0.01198913,-2.173432E-06,76.105,0,4,144835588,0.009875102,0,0,0,0,0,0,0,1028,0,0,0,0,0,33,0
0,491,0.3668737,-0.02038468,76.26,0,4,144834820,0.3668734,0,0,0,0,0,0,0,260,0,0,0,0,0,33,0
0,492,0.01484016,1.20531E-05,76.415,0,3,144835587,0.3668734,0,0,0,0,0,0,0,1027,0,0,0,0,0,33,0
0,493,0.01612021,-2.186634E-05,76.57,0,3,144834563,0.0161202,0,0,0,0,0,0,0,3,0,0,0,0,0,33,0
0,494,-0.5989444,-0.02038468,76.725,0,4,144835844,0.0161202,0,0,0,0,0,0,0,1284,0,0,0,0,0,33,0
0,495,-0.2890168,0.204427,76.88,0,3,144835843,0.0161202,0,0,0,0,0,0,0,1283,0,0,0,0,0,33,0
0,496,0.02050341,-3.824124E-05,77.035,0,3,144835587,0.0161202,0,0,0,0,0,0,0,1027,0,0,0,0,0,33,0
0,497,0.02184165,-4.66202E-06,77.19,0,4,144835588,0.0161202,0,0,0,0,0,0,0,1028,0,0,0,0,0,33,0
0,498,-0.4820137,0.02038831,77.345,0,4,144834820,-0.4820133,0,0,0,0,0,0,0,260,0,0,0,0,0,33,0
0,499,0.02506117,-7.050954E-06,77.5,0,3,144835587,-0.4820133,0,0,0,0,0,0,0,1027,0,0,0,0,0,33,0
0,500,0.02709762,-3.668173E-05,77.655,0,3,144834563,0.0270976,0,0,0,0,0,0,0,3,0,0,0,0,0,33,0
0,501,0.02820312,-2.912232E-06,77.81,0,4,144835588,0.0270976,0,0,0,0,0,0,0,1028,0,0,0,0,0,33,0
0,502,-0.576272,-0.01931537,77.965,0,4,144834820,-0.5762715,0,0,0,0,0,0,0,260,0,0,0,0,0,33,0
0,503,0.03165537,-2.615501E-05,78.12,0,3,144835587,-0.5762715,0,0,0,0,0,0,0,1027,0,0,0,0,0,33,0
0,504,0.03295482,-3.028884E-06,78.275,0,4,144835588,-0.5762715,0,0,0,0,0,0,0,1028,0,0,0,0,0,33,0
0,505,-0.003526638,0.01896133,78.43,0,4,144835844,-0.5762715,0,0,0,0,0,0,0,1284,0,0,0,0,0,33,0
0,506,-0.04794054,-0.20439,78.585,0,3,144835843,-0.5762715,0,0,0,0,0,0,0,1283,0,0,0,0,0,33,0
0,507,0.0374544,-3.434246E-05,78.74,0,3,144834563,0.03745437,0,0,0,0,0,0,0,3,0,0,0,0,0,33,0
0,508,0.03873445,-4.19541E-06,78.895,0,4,144835588,0.03745437,0,0,0,0,0,0,0,1028,0,0,0,0,0,33,0
0,509,-0.3780192,0.02038831,79.05,0,4,144834820,-0.3780189,0,0,0,0,0,0,0,260,0,0,0,0,0,33,0
0,510,0.0425746,-2.966391E-05,79.205,0,3,144835587,-0.3780189,0,0,0,0,0,0,0,1027,0,0,0,0,0,33,0
0,511,0.04338918,-2.108658E-05,79.36,0,3,144834563,0.04338914,0,0,0,0,0,0,0,3,0,0,0,0,0,33,0
0,512,0.04290431,-6.33404E-06,79.515,0,4,144835588,0.04338914,0,0,0,0,0,0,0,1028,0,0,0,0,0,33,0
0,513,0.3082046,-0.20439,79.67,0,3,144835843,0.04338914,0,0,0,0,0,0,0,1283,0,0,0,0,0,33,0
0,514,0.04885849,-3.395258E-05,79.825,0,3,144834563,0.04885845,0,0,0,0,0,0,0,3,0,0,0,0,0,33,0
0,515,0.04963428,-3.845452E-06,79.98,0,4,144835588,0.04885845,0,0,0,0,0,0,0,1028,0,0,0,0,0,33,0
0,516,0.6224184,0.02038831,80.135,0,4,144834820,0.6224179,0,0,0,0,0,0,0,260,0,0,0,0,0,33,0
0,517,0.128338,0.08762558,80.29,0,3,144835587,0.6224179,0,0,0,0,0,0,0,1027,0,0,0,0,0,33,0
0,518,0.05490964,-1.913719E-05,80.445,0,3,144834563,0.05490959,0,0,0,0,0,0,0,3,0,0,0,0,0,33,0
0,519,0.05597635,4.359112E-06,80.6,0,4,144835588,0.05490959,0,0,0,0,0,0,0,1028,0,0,0,0,0,33,0
0,520,-0.7543349,0.005219235,80.755,0,4,144834820,-0.7543343,0,0,0,0,0,0,0,260,0,0,0,0,0,33,0
0,521,0.05964195,-1.796756E-05,80.91,0,3,144835587,-0.7543343,0,0,0,0,0,0,0,1027,0,0,0,0,0,33,0
0,522,0.06074745,-2.693476E-05,81.065,0,3,144834563,0.0607474,0,0,0,0,0,0,0,3,0,0,0,0,0,33,0
0,523,0.831028,0.01427031,81.22,0,4,144835844,0.0607474,0,0,0,0,0,0,0,1284,0,0,0,0,0,33,0
0,524,0.7733675,-0.1707302,81.375,0,3,144835843,0.0607474,0,0,0,0,0,0,0,1283,0,0,0,0,0,33,0
0,525,0.06588705,-3.551209E-05,81.53,0,3,144834563,0.065887,0,0,0,0,0,0,0,3,0,0,0,0,0,33,0
0,526,0.06666284,-3.845452E-06,81.685,0,4,144835588,0.065887,0,0,0,0,0,0,0,1028,0,0,0,0,0,33,0
0,527,0.8850229,0.004114185,81.84,0,4,144834820,0.8850222,0,0,0,0,0,0,0,260,0,0,0,0,0,33,0
0,528,0.0704642,-7.488983E-05,81.995,0,3,144835587,0.8850222,0,0,0,0,0,0,0,1027,0,0,0,0,0,33,0
0,529,0.07168607,-1.640804E-05,82.15,0,3,144834563,0.07168601,0,0,0,0,0,0,0,3,0,0,0,0,0,33,0
0,530,0.07294673,-5.402961E-07,82.305,0,4,144835588,0.07168601,0,0,0,0,0,0,0,1028,0,0,0,0,0,33,0
0,531,-0.6640719,0.01569852,82.46,0,4,144834820,-0.6640713,0,0,0,0,0,0,0,260,0,0,0,0,0,33,0
0,532,0.07624383,-2.654489E-05,82.615,0,3,144835587,-0.6640713,0,0,0,0,0,0,0,1027,0,0,0,0,0,33,0
0,533,0.07804754,7.428822E-07,82.77,0,4,144835588,-0.6640713,0,0,0,0,0,0,0,1028,0,0,0,0,0,33,0
0,534,-0.7413016,0.006019665,82.925,0,4,144834820,-0.741301,0,0,0,0,0,0,0,260,0,0,0,0,0,33,0
0,535,0.08115069,-2.069671E-05,83.08,0,3,144835587,-0.741301,0,0,0,0,0,0,0,1027,0,0,0,0,0,33,0
0,536,0.08281863,-1.055986E-05,83.235,0,3,144834563,0.08281858,0,0,0,0,0,0,0,3,0,0,0,0,0,33,0
0,537,0.08402111,-1.1257E-07,83.39,0,4,144835588,0.08281858,0,0,0,0,0,0,0,1028,0,0,0,0,0,33,0
0,538,-0.7455103,0.004066863,83.545,0,4,144834820,-0.7455097,0,0,0,0,0,0,0,260,0,0,0,0,0,33,0
0,539,0.08718245,-2.966391E-05,83.7,0,3,144835587,-0.7455097,0,0,0,0,0,0,0,1027,0,0,0,0,0,33,0
0,540,0.08877281,-3.044367E-05,83.855,0,3,144834563,0.08877274,0,0,0,0,0,0,0,3,0,0,0,0,0,33,0
0,541,0.4066134,-0.02038468,84.01,0,4,144835844,0.08877274,0,0,0,0,0,0,0,1284,0,0,0,0,0,33,0
0,542,0.316331,-0.20439,84.165,0,3,144835843,0.08877274,0,0,0,0,0,0,0,1283,0,0,0,0,0,33,0
0,543,0.09402878,-3.785137E-05,84.32,0,3,144834563,0.09402871,0,0,0,0,0,0,0,3,0,0,0,0,0,33,0
0,544,0.09511489,-3.06991E-07,84.475,0,4,144835588,0.09402871,0,0,0,0,0,0,0,1028,0,0,0,0,0,33,0
0,545,-0.7422714,-0.003884993,84.63,0,4,144834820,-0.7422708,0,0,0,0,0,0,0,260,0,0,0,0,0,33,0
0,546,0.09817925,-2.576513E-05,84.785,0,3,144835587,-0.7422708,0,0,0,0,0,0,0,1027,0,0,0,0,0,33,0
0,547,0.09967265,1.753871E-06,84.94,0,4,144835588,-0.7422708,0,0,0,0,0,0,0,1028,0,0,0,0,0,33,0
0,548,-0.5910507,-0.01968862,85.095,0,4,144834820,-0.5910503,0,0,0,0,0,0,0,260,0,0,0,0,0,33,0
0,549,0.08731821,-0.001073759,85.25,0,3,144835587,-0.5910503,0,0,0,0,0,0,0,1027,0,0,0,0,0,33,0
0,550,0.104308,-3.668173E-05,85.405,0,3,144834563,0.1043079,0,0,0,0,0,0,0,3,0,0,0,0,0,33,0
0,551,0.1061505,2.762719E-07,85.56,0,4,144835588,0.1043079,0,0,0,0,0,0,0,1028,0,0,0,0,0,33,0
0,552,0.7168707,0.02038831,85.715,0,4,144834820,0.7168701,0,0,0,0,0,0,0,260,0,0,0,0,0,33,0
0,553,0.1090791,-3.512222E-05,85.87,0,3,144835587,0.7168701,0,0,0,0,0,0,0,1027,0,0,0,0,0,33,0
0,554,0.1101264,-6.661076E-06,86.025,0,3,144834563,0.1101263,0,0,0,0,0,0,0,3,0,0,0,0,0,33,0
0,555,0.09420334,-5.777782E-05,86.18,0,4,144835588,0.1101263,0,0,0,0,0,0,0,1028,0,0,0,0,0,33,0
0,556,0.8070949,-0.01858438,86.335,0,4,144834820,0.8070942,0,0,0,0,0,0,0,260,0,0,0,0,0,33,0
0,557,0.1149751,-2.771452E-05,86.49,0,3,144835587,0.8070942,0,0,0,0,0,0,0,1027,0,0,0,0,0,33,0
0,558,0.1172249,-2.367853E-06,86.645,0,4,144835588,0.8070942,0,0,0,0,0,0,0,1028,0,0,0,0,0,33,0
</Segment1>

<Graph1>
Analysis=0
Type=Unknown
ExternalDataAxis=1
ExternalDataName=
Y2AxisSmoothing=None
YAxisSmoothing=None
XAxisSmoothing=None
Y2AxisReferenceElectrode=(unspecified)
YAxisReferenceElectrode=(unspecified)
XAxisReferenceElectrode=(unspecified)
Y2AxisMath=
YAxisMath=
XAxisMath=
LockAspectRatio=False
Grid=True
Legend=False
GraphTitle=
Y2DataColor=-16744448
GridColor=-10039894
BackgroundColor=-1
SelectionColor=-65536
AnalysisColor=-4565549
DataSymbolSize=2
DataSymbolColor=-12490271
DataSymbolType=Circle
DataSymbol=False
DataLineColor=-12490271
DataLine=True
Y2AxisManualScaleMax=
Y2AxisManualScaleMin=
Y2AxisManualAdjustment=False
Y2AxisNormalizeToMass=False
Y2AxisNormalizeWithArea=False
Y2AxisNegateValues=False
Y2AxisScientificLabels=False
Y2AxisReverse=False
Y2AxisLog=False
Y2AxisName=Potential (V)
Y2AxisType=Potential (V)
Y2Axis=False
YAxisManualScaleMax=
YAxisManualScaleMin=
YAxisManualAdjustment=False
YAxisNormalizeToMass=False
YAxisNormalizeWithArea=False
YAxisNegateValues=False
YAxisScientificLabels=False
YAxisReverse=False
YAxisLog=False
YAxisName=Current (A)
YAxisType=Current (A)
XAxisManualScaleMax=
XAxisManualScaleMin=
XAxisManualAdjustment=False
XAxisNormalizeToMass=False
XAxisNormalizeWithArea=False
XAxisNegateValues=False
XAxisScientificLabels=False
XAxisReverse=False
XAxisLog=False
XAxisName=Potential (V)
XAxisType=Potential (V)
Height=447
Width=958
LocY=25
LocX=481
</Graph1>

<DockingLayout>
<?xml version="1.0" encoding="utf-16"?>
<!--DockPanel configuration file. Author: Weifen Luo, all rights reserved.-->
<!--!!! AUTOMATICALLY GENERATED FILE. DO NOT MODIFY !!!-->
<DockPanel FormatVersion="1.0" DockLeftPortion="0.25" DockRightPortion="0.25" DockTopPortion="0.25" DockBottomPortion="0.25" ActiveDocumentPane="2" ActivePane="3">
  <Contents Count="4">
    <Content ID="0" PersistString="PowerSTAT.GlobalView" AutoHidePortion="0.25" IsHidden="False" IsFloat="False" />
    <Content ID="1" PersistString="PowerSTAT.DataBrowser" AutoHidePortion="0.25" IsHidden="False" IsFloat="False" />
    <Content ID="2" PersistString="PowerSTAT.Graph" AutoHidePortion="0.25" IsHidden="False" IsFloat="False" />
    <Content ID="3" PersistString="PowerSTAT.DataView" AutoHidePortion="0.25" IsHidden="False" IsFloat="False" />
  </Contents>
  <Panes Count="4">
    <Pane ID="0" DockState="DockLeft" ActiveContent="0">
      <Contents Count="1">
        <Content ID="0" RefID="0" />
      </Contents>
    </Pane>
    <Pane ID="1" DockState="Document" ActiveContent="1">
      <Contents Count="1">
        <Content ID="0" RefID="1" />
      </Contents>
    </Pane>
    <Pane ID="2" DockState="Document" ActiveContent="2">
      <Contents Count="1">
        <Content ID="0" RefID="2" />
      </Contents>
    </Pane>
    <Pane ID="3" DockState="DockRight" ActiveContent="3">
      <Contents Count="1">
        <Content ID="0" RefID="3" />
      </Contents>
    </Pane>
  </Panes>
  <DockWindows>
    <DockWindow ID="0" DockState="Document" ZOrderIndex="0">
      <NestedPanes Count="2">
        <Pane ID="0" RefID="1" PrevPane="-1" Alignment="Right" Proportion="0.5" />
        <Pane ID="1" RefID="2" PrevPane="1" Alignment="Top" Proportion="0.5" />
      </NestedPanes>
    </DockWindow>
    <DockWindow ID="1" DockState="DockLeft" ZOrderIndex="2">
      <NestedPanes Count="1">
        <Pane ID="0" RefID="0" PrevPane="-1" Alignment="Bottom" Proportion="0.5" />
      </NestedPanes>
    </DockWindow>
    <DockWindow ID="2" DockState="DockRight" ZOrderIndex="3">
      <NestedPanes Count="1">
        <Pane ID="0" RefID="3" PrevPane="-1" Alignment="Bottom" Proportion="0.5" />
      </NestedPanes>
    </DockWindow>
    <DockWindow ID="3" DockState="DockTop" ZOrderIndex="4">
      <NestedPanes Count="0" />
    </DockWindow>
    <DockWindow ID="4" DockState="DockBottom" ZOrderIndex="5">
      <NestedPanes Count="0" />
    </DockWindow>
  </DockWindows>
  <FloatWindows Count="0" />
</DockPanel>
</DockingLayout>
